8 22
0 0.25 6.28851 1 0 0 0
0 0 0 1 0 0 0
-3.20908 0.903823 0 0.755486 0.0179911 -0.647279 -0.099733
0.5 0.75 -8.22693e-16 0.876358 -0.0808861 0.364915 -0.303794
0.7 1.48883e-15 5.20417e-17 0.303043 -0.162495 0.88635 0.310071
-0.5 0.75 4.68028e-15 0.588194 -0.446088 -0.630194 -0.2406
-0.7 1.04994e-15 -8.11851e-16 0.746678 -0.106739 -0.00206142 -0.656563
0.5 -0.75 -8.57387e-16 0.990504 -0.133972 -0.0214885 -0.0221922
-1.62088e-16 -1 -5.08274e-16 0.995127 -0.0960814 -0.015411 -0.0159157
-0.5 -0.75 2.07213e-15 0.970601 0.23454 0.0376192 0.0388512
-9.361e-16 -1 1.1293e-15 0.943716 -0.322301 -0.0516956 -0.0533886
0 0.75 0 1 0 0 0
3.31899 0.855735 0 0.75275 -0.0184289 0.655703 0.0555103
0.5 0.75 1.65493e-15 0.796618 -0.205967 0.407294 -0.396344
0.7 -2.06324e-16 2.22305e-15 0.43154 -0.00660207 0.902039 0.00745678
-0.5 0.75 -1.73472e-15 0.825026 0.00978625 -0.476135 0.304192
-0.7 2.60859e-15 -5.84428e-15 0.775985 -0.138286 -0.613108 -0.0531241
0.5 -0.75 1.97065e-15 0.960206 0.276278 -0.0125827 -0.0389411
-1.1267e-15 -1 3.53884e-16 0.937873 -0.343235 0.0156321 0.0483785
-0.5 -0.75 -1.70437e-15 0.990352 -0.137082 0.00624318 0.0193215
5.27139e-16 -1 9.52363e-16 0.987069 -0.11184 0.109609 -0.03423
0 0.75 0 1 0 0 0
0 0.25 6.28851 1 0 0 0
0 0 0 1 0 0 0
-3.20908 0.903823 0 0.755486 0.0179911 -0.647279 -0.099733
0.5 0.75 -8.22693e-16 0.876358 -0.0808861 0.364915 -0.303794
0.7 1.48883e-15 5.20417e-17 0.303043 -0.162495 0.88635 0.310071
-0.5 0.75 4.68028e-15 0.588194 -0.446088 -0.630194 -0.2406
-0.7 1.04994e-15 -8.11851e-16 0.746678 -0.106739 -0.00206142 -0.656563
0.5 -0.75 -8.57387e-16 0.990504 -0.133972 -0.0214885 -0.0221922
-1.62088e-16 -1 -5.08274e-16 0.995127 -0.0960814 -0.015411 -0.0159157
-0.5 -0.75 2.07213e-15 0.970601 0.23454 0.0376192 0.0388512
-9.361e-16 -1 1.1293e-15 0.943716 -0.322301 -0.0516956 -0.0533886
0 0.75 0 1 0 0 0
3.31899 0.855735 0 0.75275 -0.0184289 0.655703 0.0555103
0.5 0.75 1.65493e-15 0.796618 -0.205967 0.407294 -0.396344
0.7 -2.06324e-16 2.22305e-15 0.43154 -0.00660207 0.902039 0.00745678
-0.5 0.75 -1.73472e-15 0.825026 0.00978625 -0.476135 0.304192
-0.7 2.60859e-15 -5.84428e-15 0.775985 -0.138286 -0.613108 -0.0531241
0.5 -0.75 1.97065e-15 0.960206 0.276278 -0.0125827 -0.0389411
-1.1267e-15 -1 3.53884e-16 0.937873 -0.343235 0.0156321 0.0483785
-0.5 -0.75 -1.70437e-15 0.990352 -0.137082 0.00624318 0.0193215
5.27139e-16 -1 9.52363e-16 0.987069 -0.11184 0.109609 -0.03423
0 0.75 0 1 0 0 0
0 0.25 6.28851 1 0 0 0
0 0 0 1 0 0 0
-2.46714 0.635902 0 0.678908 0.0249618 -0.723947 -0.11984
0.5 0.75 4.30211e-16 0.792426 -0.429331 0.18238 -0.393032
0.7 1.41033e-15 -2.19768e-16 0.376008 -0.0165416 0.834423 0.402595
-0.5 0.75 5.37591e-15 0.600856 -0.382387 -0.619555 -0.330005
-0.7 2.76341e-15 -2.01705e-15 0.951998 -0.138953 -0.0833011 -0.259716
0.5 -0.75 -1.95417e-15 0.971967 -0.230085 -0.044695 -0.0185485
2.38118e-16 -1 -6.08021e-16 0.990714 -0.132572 -0.0259042 -0.0154703
-0.5 -0.75 3.1251e-15 0.92411 0.376128 0.0601573 0.0304892
-1.52076e-15 -1 3.31853e-15 0.819397 -0.564052 -0.0955803 -0.0360391
0 0.75 0 1 0 0 0
2.48775 0.683991 0 0.868841 0.0156046 0.489923 0.0696254
0.5 0.75 9.7318e-16 0.765415 -0.321557 0.306123 -0.465865
0.7 -8.87311e-16 2.36269e-15 0.546569 0.148232 0.815442 0.119769
-0.5 0.75 -4.76529e-15 0.831448 0.13311 -0.483986 0.238188
-0.7 4.79651e-15 -2.01922e-15 0.960736 -0.0594805 -0.2705 0.0166858
0.5 -0.75 3.322e-15 0.88944 0.452119 -0.0205911 -0.0637257
-1.97997e-15 -1 -1.31839e-15 0.809415 -0.5809 0.0264561 0.0818771
-0.5 -0.75 -3.50241e-15 0.970033 -0.240352 0.0109465 0.0338773
2.82272e-15 -1 3.11903e-15 0.975829 -0.186818 0.108916 -0.0315359
0 0.75 0 1 0 0 0
0 0.25 6.28851 1 0 0 0
0 0 0 1 0 0 0
-1.73895 0.835126 0 0.62134 0.0280666 -0.772397 -0.128655
0.5 0.75 -3.76869e-15 0.685974 -0.555953 -0.116592 -0.454711
0.7 2.92431e-15 -1.08811e-15 0.304402 0.0720861 0.740369 0.594977
-0.5 0.75 5.9848e-15 0.665617 -0.385894 -0.55733 -0.312125
-0.7 2.93255e-15 -2.23172e-15 0.981428 -0.156215 -0.00268446 -0.111308
0.5 -0.75 -1.85572e-15 0.997556 -0.064781 -0.00438205 -0.0258236
3.11871e-16 -1 -1.18655e-15 0.979883 -0.194137 -0.0439838 -0.0143085
-0.5 -0.75 2.01792e-15 0.965183 0.255411 0.041186 0.0386047
-1.84759e-15 -1 4.25267e-15 0.915674 -0.393487 -0.0646232 -0.0503234
0 0.75 0 1 0 0 0
1.82139 0.924433 0 0.925853 0.0302061 0.373106 0.0517315
0.5 0.75 4.82253e-16 0.795753 -0.481595 0.12343 -0.345845
0.7 -2.19681e-15 1.64625e-15 0.458569 0.126907 0.868198 0.140862
-0.5 0.75 -4.54498e-15 0.820747 0.167632 -0.543217 0.0564703
-0.7 5.10703e-15 -2.71262e-15 0.973066 -0.118507 -0.190575 0.052723
0.5 -0.75 2.09815e-15 0.946504 0.245128 0.167109 -0.126956
-3.12901e-15 -1 -1.72171e-16 0.883824 -0.466249 0.0275235 0.0266313
-0.5 -0.75 -2.19096e-15 0.993294 0.0396506 -0.0452493 -0.0987314
2.88311e-15 -1 3.04531e-15 0.952701 -0.283368 0.0878864 0.0658731
0 0.75 0 1 0 0 0
0 0.25 6.28851 1 0 0 0
0 0 0 1 0 0 0
-1.15502 1.02748 2.17187e-15 0.835219 -0.00892294 -0.5491 -0.0286352
0.5 0.75 -5.1582e-15 0.84159 -0.463671 0.247489 -0.124441
0.7 6.75848e-15 -1.40523e-15 0.501302 0.652947 0.37494 0.426353
-0.5 0.75 7.16961e-15 0.788884 -0.429925 -0.435541 -0.0559465
-0.7 9.19403e-17 -6.59629e-16 0.543858 -0.0525059 -0.478155 -0.687626
0.5 -0.75 -3.70255e-15 0.927258 0.364061 0.0212959 0.084844
9.70361e-16 -1 6.96491e-16 0.770744 -0.62465 -0.0535008 -0.113598
-0.5 -0.75 3.16717e-15 0.987344 -0.140674 0.00800567 -0.0727917
-1.23209e-15 -1 4.05578e-15 0.945388 -0.318781 -0.0611493 -0.0296898
0 0.75 0 1 0 0 0
1.23059 1.25418 0 0.807955 0.00608084 0.578617 0.111238
0.5 0.75 -3.72966e-15 0.783013 -0.390905 0.377516 0.302598
0.7 -2.67408e-15 1.88174e-15 0.784367 0.405143 0.41641 0.217325
-0.5 0.75 -3.70927e-15 0.914686 0.3419 -0.0991562 0.19137
-0.7 4.82427e-15 6.83167e-15 0.516023 0.01522 -0.807556 0.285204
0.5 -0.75 2.037e-15 0.815621 0.539794 0.129024 -0.163515
-1.81636e-15 -1 -1.164e-15 0.737498 -0.674841 0.025633 0.00534441
-0.5 -0.75 -1.14318e-15 0.977317 -0.209919 -0.0279103 0.0026318
3.43085e-15 -1 3.53537e-15 0.963948 -0.244481 0.0908168 0.0527838
0 0.75 0 1 0 0 0
0 0.25 6.28851 1 0 0 0
0 0 0 1 0 0 0
-0.8184 1.41219 2.17187e-15 0.867642 -0.0430877 -0.495299 0.00442598
0.5 0.75 -5.81046e-15 0.81615 -0.458229 0.264458 0.232351
0.7 7.42288e-15 -8.6129e-16 0.580995 0.759031 0.147669 0.25399
-0.5 0.75 7.23206e-15 0.973437 -0.218558 0.0372896 0.0571143
-0.7 -1.04647e-15 1.02349e-16 0.341697 -0.242667 -0.64264 -0.641381
0.5 -0.75 -2.07993e-15 0.796508 0.561716 0.0307491 0.221596
1.84922e-15 -1 9.4022e-16 0.558767 -0.792609 -0.0221911 -0.243019
-0.5 -0.75 2.72135e-15 0.950551 -0.271573 0.0214433 -0.149136
-1.1692e-15 -1 3.33414e-15 0.978815 -0.171817 -0.104399 0.03875
0 0.75 0 1 0 0 0
0.990145 1.61141 0 0.639671 0.0531132 0.752603 0.146929
0.498284 0.72879 -0.0606686 0.651659 -0.507422 0.320418 0.463892
0.7 -1.08941e-15 1.61373e-15 0.68635 0.623855 0.199328 0.316222
-0.5 0.75 -1.04586e-14 0.708928 0.486507 0.330466 0.389261
-0.7 3.72445e-15 6.40286e-15 0.156965 -0.387807 -0.898021 -0.136107
0.5 -0.75 1.50227e-15 0.793104 0.571494 0.124196 -0.170166
-1.67482e-15 -1 -2.5327e-16 0.6896 -0.723546 0.0107997 -0.028588
-0.5 -0.75 -1.43288e-15 0.959046 -0.28049 -0.0224174 0.0324416
2.70389e-15 -1 3.42218e-15 0.990249 -0.0966978 0.100218 0.00350847
0 0.75 0 1 0 0 0
0.00326187 0.249979 6.28851 0.999979 0 0 -0.00652387
0 0 0 1 0 0 0
-0.53674 1.61828 2.17187e-15 0.919321 -0.0563215 -0.388054 0.0330399
0.5 0.75 -5.42795e-15 0.826785 -0.482686 0.223917 0.182486
0.7 7.42288e-15 -8.6129e-16 0.580995 0.759031 0.147669 0.25399
-0.5 0.75 7.02043e-15 0.95764 -0.151833 0.22823 0.0882214
-0.7 -8.23994e-16 -3.7817e-16 0.423158 -0.251785 -0.591213 -0.638755
0.5 -0.75 -1.63498e-15 0.870319 0.477207 0.0108958 0.121243
1.55952e-15 -1 1.15966e-15 0.67771 -0.722202 -0.0353872 -0.133721
-0.5 -0.75 3.36016e-15 0.975687 -0.202229 0.000812712 -0.0844832
-1.47668e-15 -1 3.3697e-15 0.981725 -0.113017 -0.134073 0.0739466
5.33427e-17 0.75 6.55725e-16 0.844918 0.304034 0.390614 0.202723
0.777182 1.8175 0 0.60109 0.0466642 0.783952 0.148094
0.498284 0.72879 -0.0606686 0.651659 -0.507422 0.320418 0.463892
0.7 -1.08941e-15 1.61373e-15 0.68635 0.623855 0.199328 0.316222
-0.5 0.75 -1.0587e-14 0.68628 0.484736 0.427582 0.333503
-0.7 1.0685e-14 6.21031e-15 0.299662 -0.446202 -0.828716 -0.156
0.5 -0.75 2.05738e-15 0.827688 0.507672 0.118639 -0.207669
-1.67271e-15 -1 -6.2797e-16 0.75944 -0.647978 0.0258259 0.0520342
-0.5 -0.75 -2.37657e-15 0.981052 -0.176487 -0.0651409 0.0463131
1.72627e-15 -1 2.30371e-15 0.995067 -0.0561604 0.0816228 0.00513358
1.08247e-15 0.75 4.04928e-15 0.626337 0.216638 0.589983 0.461183
0.00326187 0.249979 6.28851 0.999979 0 0 -0.00652387
0 0 0 1 0 0 0
-0.53674 1.61828 2.17187e-15 0.919321 -0.0563215 -0.388054 0.0330399
0.5 0.75 -5.42795e-15 0.826785 -0.482686 0.223917 0.182486
0.7 7.42288e-15 -8.6129e-16 0.580995 0.759031 0.147669 0.25399
-0.5 0.75 7.02043e-15 0.95764 -0.151833 0.22823 0.0882214
-0.7 -8.23994e-16 -3.7817e-16 0.423158 -0.251785 -0.591213 -0.638755
0.5 -0.75 -1.63498e-15 0.870319 0.477207 0.0108958 0.121243
1.55952e-15 -1 1.15966e-15 0.67771 -0.722202 -0.0353872 -0.133721
-0.5 -0.75 3.36016e-15 0.975687 -0.202229 0.000812712 -0.0844832
-1.47668e-15 -1 3.3697e-15 0.981725 -0.113017 -0.134073 0.0739466
5.33427e-17 0.75 6.55725e-16 0.844918 0.304034 0.390614 0.202723
0.777182 1.8175 0 0.60109 0.0466642 0.783952 0.148094
0.498284 0.72879 -0.0606686 0.651659 -0.507422 0.320418 0.463892
0.7 -1.08941e-15 1.61373e-15 0.68635 0.623855 0.199328 0.316222
-0.5 0.75 -1.0587e-14 0.68628 0.484736 0.427582 0.333503
-0.7 1.0685e-14 6.21031e-15 0.299662 -0.446202 -0.828716 -0.156
0.5 -0.75 2.05738e-15 0.827688 0.507672 0.118639 -0.207669
-1.67271e-15 -1 -6.2797e-16 0.75944 -0.647978 0.0258259 0.0520342
-0.5 -0.75 -2.37657e-15 0.981052 -0.176487 -0.0651409 0.0463131
1.72627e-15 -1 2.30371e-15 0.995067 -0.0561604 0.0816228 0.00513358
1.08247e-15 0.75 4.04928e-15 0.626337 0.216638 0.589983 0.461183
