14 24
0.351919 5.70245 8.82768 -0.956283 0.267663 -0.0502041 -0.10658
0 0 0 1 0 0 0
-2 1 0 1 0 0 0
0.5 0.75 0 1 0 0 0
0.7 0 0 1 0 0 0
-0.5 0.75 0 1 0 0 0
-0.7 0 0 1 0 0 0
0.5 -0.75 0 1 0 0 0
0 -1 0 1 0 0 0
-0.5 -0.75 0 1 0 0 0
0 -1 0 1 0 0 0
0 0.75 0 1 0 0 0
2 1 0 1 0 0 0
0.5 0.75 0 1 0 0 0
0.7 0 0 1 0 0 0
-0.5 0.75 0 1 0 0 0
-0.7 0 0 1 0 0 0
0.5 -0.75 0 1 0 0 0
0 -1 0 1 0 0 0
-0.5 -0.75 0 1 0 0 0
0 -1 0 1 0 0 0
0 0.75 0 1 0 0 0
1 2 2 1 0 0 0
-1 2 -2 1 0 0 0
0.351919 5.70245 8.82768 -0.956283 0.267663 -0.0502041 -0.10658
0 0 0 1 0 0 0
-2 1 0 1 0 0 0
0.5 0.75 0 1 0 0 0
0.7 0 0 1 0 0 0
-0.5 0.75 0 1 0 0 0
-0.7 0 0 1 0 0 0
0.5 -0.75 0 1 0 0 0
0 -1 0 1 0 0 0
-0.5 -0.75 0 1 0 0 0
0 -1 0 1 0 0 0
0 0.75 0 1 0 0 0
2 1 0 1 0 0 0
0.5 0.75 0 1 0 0 0
0.7 0 0 1 0 0 0
-0.5 0.75 0 1 0 0 0
-0.7 0 0 1 0 0 0
0.5 -0.75 0 1 0 0 0
0 -1 0 1 0 0 0
-0.5 -0.75 0 1 0 0 0
0 -1 0 1 0 0 0
0 0.75 0 1 0 0 0
1 2 2 1 0 0 0
-1 2 -2 1 0 0 0
0.351919 5.70245 8.82768 -0.956283 0.267663 -0.0502041 -0.10658
0 0 0 1 0 0 0
-2 1 0 1 0 0 0
0.5 0.75 0 1 0 0 0
0.7 0 0 1 0 0 0
-0.5 0.75 0 1 0 0 0
-0.7 0 0 1 0 0 0
0.5 -0.75 0 1 0 0 0
0 -1 0 1 0 0 0
-0.5 -0.75 0 1 0 0 0
0 -1 0 1 0 0 0
0 0.75 0 1 0 0 0
2 1 0 1 0 0 0
0.5 0.75 0 1 0 0 0
0.7 0 0 1 0 0 0
-0.5 0.75 0 1 0 0 0
-0.7 0 0 1 0 0 0
0.5 -0.75 0 1 0 0 0
0 -1 0 1 0 0 0
-0.5 -0.75 0 1 0 0 0
0 -1 0 1 0 0 0
0 0.75 0 1 0 0 0
3.5958 2.5538 1.54141 0.999936 -0.00261334 0.00953318 -0.005584
-1 2 -2 1 0 0 0
0.351919 5.70245 8.82768 -0.956283 0.267663 -0.0502041 -0.10658
0 0 0 1 0 0 0
-2 1 0 1 0 0 0
0.5 0.75 0 1 0 0 0
0.7 0 0 1 0 0 0
-0.5 0.75 0 1 0 0 0
-0.7 0 0 1 0 0 0
0.5 -0.75 0 1 0 0 0
0 -1 0 1 0 0 0
-0.5 -0.75 0 1 0 0 0
0 -1 0 1 0 0 0
0 0.75 0 1 0 0 0
2 1 0 1 0 0 0
0.5 0.75 0 1 0 0 0
0.7 0 0 1 0 0 0
-0.5 0.75 0 1 0 0 0
-0.7 0 0 1 0 0 0
0.5 -0.75 0 1 0 0 0
0 -1 0 1 0 0 0
-0.5 -0.75 0 1 0 0 0
0 -1 0 1 0 0 0
0 0.75 0 1 0 0 0
3.5958 2.5538 1.54141 0.999936 -0.00261334 0.00953318 -0.005584
-1 2 -2 1 0 0 0
0.0899575 11.9419 1.11394 -0.741808 0.661256 -0.078721 -0.079146
0 0 0 1 0 0 0
-2 1 0 1 0 0 0
0.5 0.75 0 1 0 0 0
0.7 0 0 1 0 0 0
-0.5 0.75 0 1 0 0 0
-0.7 0 0 1 0 0 0
0.5 -0.75 0 1 0 0 0
0 -1 0 1 0 0 0
-0.5 -0.75 0 1 0 0 0
0 -1 0 1 0 0 0
0 0.75 0 1 0 0 0
2 1 0 1 0 0 0
0.5 0.75 0 1 0 0 0
0.7 0 0 1 0 0 0
-0.5 0.75 0 1 0 0 0
-0.7 0 0 1 0 0 0
0.5 -0.75 0 1 0 0 0
0 -1 0 1 0 0 0
-0.5 -0.75 0 1 0 0 0
0 -1 0 1 0 0 0
0 0.75 0 1 0 0 0
5.10971 2.73479 -0.210907 0.999936 -0.00261334 0.00953318 -0.005584
-1 2 -2 1 0 0 0
0.0899575 11.9419 1.11394 -0.741808 0.661256 -0.078721 -0.079146
0 0 0 1 0 0 0
-2 1 0 1 0 0 0
0.5 0.75 0 1 0 0 0
0.7 0 0 1 0 0 0
-0.5 0.75 0 1 0 0 0
-0.7 0 0 1 0 0 0
0.5 -0.75 0 1 0 0 0
0 -1 0 1 0 0 0
-0.5 -0.75 0 1 0 0 0
0 -1 0 1 0 0 0
0 0.75 0 1 0 0 0
2 1 0 1 0 0 0
0.5 0.75 0 1 0 0 0
0.7 0 0 1 0 0 0
-0.5 0.75 0 1 0 0 0
-0.7 0 0 1 0 0 0
0.5 -0.75 0 1 0 0 0
0 -1 0 1 0 0 0
-0.5 -0.75 0 1 0 0 0
0 -1 0 1 0 0 0
0 0.75 0 1 0 0 0
3.12208 3.02712 -2.56613 0.999936 -0.00261334 0.00953318 -0.005584
-1 2 -2 1 0 0 0
0.0899575 11.9419 1.11394 -0.741808 0.661256 -0.078721 -0.079146
0 0 0 1 0 0 0
-2 1 0 1 0 0 0
0.5 0.75 0 1 0 0 0
0.7 0 0 1 0 0 0
-0.5 0.75 0 1 0 0 0
-0.7 0 0 1 0 0 0
0.5 -0.75 0 1 0 0 0
0 -1 0 1 0 0 0
-0.5 -0.75 0 1 0 0 0
0 -1 0 1 0 0 0
0 0.75 0 1 0 0 0
2 1 0 1 0 0 0
0.5 0.75 0 1 0 0 0
0.7 0 0 1 0 0 0
-0.5 0.75 0 1 0 0 0
-0.7 0 0 1 0 0 0
0.5 -0.75 0 1 0 0 0
0 -1 0 1 0 0 0
-0.5 -0.75 0 1 0 0 0
0 -1 0 1 0 0 0
0 0.75 0 1 0 0 0
-1.06012 3.11981 -2.9322 0.999936 -0.00261334 0.00953318 -0.005584
-1 2 -2 1 0 0 0
0.0899575 11.9419 1.11394 -0.741808 0.661256 -0.078721 -0.079146
0 0 0 1 0 0 0
-2 1 0 1 0 0 0
0.5 0.75 0 1 0 0 0
0.7 0 0 1 0 0 0
-0.5 0.75 0 1 0 0 0
-0.7 0 0 1 0 0 0
0.5 -0.75 0 1 0 0 0
0 -1 0 1 0 0 0
-0.5 -0.75 0 1 0 0 0
0 -1 0 1 0 0 0
0 0.75 0 1 0 0 0
2 1 0 1 0 0 0
0.5 0.75 0 1 0 0 0
0.7 0 0 1 0 0 0
-0.5 0.75 0 1 0 0 0
-0.7 0 0 1 0 0 0
0.5 -0.75 0 1 0 0 0
0 -1 0 1 0 0 0
-0.5 -0.75 0 1 0 0 0
0 -1 0 1 0 0 0
0 0.75 0 1 0 0 0
-3.99028 3.01193 -1.6704 0.999936 -0.00261334 0.00953318 -0.005584
-1 2 -2 1 0 0 0
0.0899575 11.9419 1.11394 -0.741808 0.661256 -0.078721 -0.079146
0 0 0 1 0 0 0
-2 1 0 1 0 0 0
0.5 0.75 0 1 0 0 0
0.7 0 0 1 0 0 0
-0.5 0.75 0 1 0 0 0
-0.7 0 0 1 0 0 0
0.5 -0.75 0 1 0 0 0
0 -1 0 1 0 0 0
-0.5 -0.75 0 1 0 0 0
0 -1 0 1 0 0 0
0 0.75 0 1 0 0 0
2 1 0 1 0 0 0
0.5 0.75 0 1 0 0 0
0.7 0 0 1 0 0 0
-0.5 0.75 0 1 0 0 0
-0.7 0 0 1 0 0 0
0.5 -0.75 0 1 0 0 0
0 -1 0 1 0 0 0
-0.5 -0.75 0 1 0 0 0
0 -1 0 1 0 0 0
0 0.75 0 1 0 0 0
-4.54233 2.71652 0.984062 0.999936 -0.00261334 0.00953318 -0.005584
-1 2 -2 1 0 0 0
0.0899575 11.9419 1.11394 -0.741808 0.661256 -0.078721 -0.079146
0 0 0 1 0 0 0
-2 1 0 1 0 0 0
0.5 0.75 0 1 0 0 0
0.7 0 0 1 0 0 0
-0.5 0.75 0 1 0 0 0
-0.7 0 0 1 0 0 0
0.5 -0.75 0 1 0 0 0
0 -1 0 1 0 0 0
-0.5 -0.75 0 1 0 0 0
0 -1 0 1 0 0 0
0 0.75 0 1 0 0 0
2 1 0 1 0 0 0
0.5 0.75 0 1 0 0 0
0.7 0 0 1 0 0 0
-0.5 0.75 0 1 0 0 0
-0.7 0 0 1 0 0 0
0.5 -0.75 0 1 0 0 0
0 -1 0 1 0 0 0
-0.5 -0.75 0 1 0 0 0
0 -1 0 1 0 0 0
0 0.75 0 1 0 0 0
-3.24336 2.46627 3.04334 0.999936 -0.00261334 0.00953318 -0.005584
-1 2 -2 1 0 0 0
0.0899575 11.9419 1.11394 -0.741808 0.661256 -0.078721 -0.079146
0 0 0 1 0 0 0
-2 1 0 1 0 0 0
0.5 0.75 0 1 0 0 0
0.7 0 0 1 0 0 0
-0.5 0.75 0 1 0 0 0
-0.7 0 0 1 0 0 0
0.5 -0.75 0 1 0 0 0
0 -1 0 1 0 0 0
-0.5 -0.75 0 1 0 0 0
0 -1 0 1 0 0 0
0 0.75 0 1 0 0 0
2 1 0 1 0 0 0
0.5 0.75 0 1 0 0 0
0.7 0 0 1 0 0 0
-0.5 0.75 0 1 0 0 0
-0.7 0 0 1 0 0 0
0.5 -0.75 0 1 0 0 0
0 -1 0 1 0 0 0
-0.5 -0.75 0 1 0 0 0
0 -1 0 1 0 0 0
0 0.75 0 1 0 0 0
-0.873226 2.39097 3.45086 0.999936 -0.00261334 0.00953318 -0.005584
-1 2 -2 1 0 0 0
0.0899575 11.9419 1.11394 -0.741808 0.661256 -0.078721 -0.079146
0 0 0 1 0 0 0
-2 1 0 1 0 0 0
0.5 0.75 0 1 0 0 0
0.7 0 0 1 0 0 0
-0.5 0.75 0 1 0 0 0
-0.7 0 0 1 0 0 0
0.5 -0.75 0 1 0 0 0
0 -1 0 1 0 0 0
-0.5 -0.75 0 1 0 0 0
0 -1 0 1 0 0 0
0 0.75 0 1 0 0 0
2 1 0 1 0 0 0
0.5 0.75 0 1 0 0 0
0.7 0 0 1 0 0 0
-0.5 0.75 0 1 0 0 0
-0.7 0 0 1 0 0 0
0.5 -0.75 0 1 0 0 0
0 -1 0 1 0 0 0
-0.5 -0.75 0 1 0 0 0
0 -1 0 1 0 0 0
0 0.75 0 1 0 0 0
2.40301 2.40996 2.93293 0.999936 -0.00261334 0.00953318 -0.005584
-1 2 -2 1 0 0 0
0.0899575 11.9419 1.11394 -0.741808 0.661256 -0.078721 -0.079146
0 0 0 1 0 0 0
-2 1 0 1 0 0 0
0.5 0.75 0 1 0 0 0
0.7 0 0 1 0 0 0
-0.5 0.75 0 1 0 0 0
-0.7 0 0 1 0 0 0
0.5 -0.75 0 1 0 0 0
0 -1 0 1 0 0 0
-0.5 -0.75 0 1 0 0 0
0 -1 0 1 0 0 0
0 0.75 0 1 0 0 0
2 1 0 1 0 0 0
0.5 0.75 0 1 0 0 0
0.7 0 0 1 0 0 0
-0.5 0.75 0 1 0 0 0
-0.7 0 0 1 0 0 0
0.5 -0.75 0 1 0 0 0
0 -1 0 1 0 0 0
-0.5 -0.75 0 1 0 0 0
0 -1 0 1 0 0 0
0 0.75 0 1 0 0 0
5.3163 2.71186 -0.0316513 0.999936 -0.00261334 0.00953318 -0.005584
-1 2 -2 1 0 0 0
0.0899575 11.9419 1.11394 -0.741808 0.661256 -0.078721 -0.079146
0 0 0 1 0 0 0
-2 1 0 1 0 0 0
0.5 0.75 0 1 0 0 0
0.7 0 0 1 0 0 0
-0.5 0.75 0 1 0 0 0
-0.7 0 0 1 0 0 0
0.5 -0.75 0 1 0 0 0
0 -1 0 1 0 0 0
-0.5 -0.75 0 1 0 0 0
0 -1 0 1 0 0 0
0 0.75 0 1 0 0 0
2 1 0 1 0 0 0
0.5 0.75 0 1 0 0 0
0.7 0 0 1 0 0 0
-0.5 0.75 0 1 0 0 0
-0.7 0 0 1 0 0 0
0.5 -0.75 0 1 0 0 0
0 -1 0 1 0 0 0
-0.5 -0.75 0 1 0 0 0
0 -1 0 1 0 0 0
0 0.75 0 1 0 0 0
5.3163 2.71186 -0.0316513 0.999936 -0.00261334 0.00953318 -0.005584
-1 2 -2 1 0 0 0
