6 24
0 0.25 7.04011 1 0 0 0
0 0 0 1 0 0 0
-2 1 0 1 0 0 0
0.5 0.75 0 1 0 0 0
0.7 0 0 1 0 0 0
-0.5 0.75 0 1 0 0 0
-0.7 0 0 1 0 0 0
0.5 -0.75 0 1 0 0 0
0 -1 0 1 0 0 0
-0.5 -0.75 0 1 0 0 0
0 -1 0 1 0 0 0
0 0.75 0 1 0 0 0
2 1 0 1 0 0 0
0.5 0.75 0 1 0 0 0
0.7 0 0 1 0 0 0
-0.5 0.75 0 1 0 0 0
-0.7 0 0 1 0 0 0
0.5 -0.75 0 1 0 0 0
0 -1 0 1 0 0 0
-0.5 -0.75 0 1 0 0 0
0 -1 0 1 0 0 0
0 0.75 0 1 0 0 0
1 2 2 1 0 0 0
-1 2 -2 1 0 0 0
0 0.25 7.04011 1 0 0 0
0 0 0 1 0 0 0
-2 1 0 1 0 0 0
0.5 0.75 0 1 0 0 0
0.7 0 0 1 0 0 0
-0.5 0.75 0 1 0 0 0
-0.7 0 0 1 0 0 0
0.5 -0.75 0 1 0 0 0
0 -1 0 1 0 0 0
-0.5 -0.75 0 1 0 0 0
0 -1 0 1 0 0 0
0 0.75 0 1 0 0 0
2 1 0 1 0 0 0
0.5 0.75 0 1 0 0 0
0.7 0 0 1 0 0 0
-0.5 0.75 0 1 0 0 0
-0.7 0 0 1 0 0 0
0.5 -0.75 0 1 0 0 0
0 -1 0 1 0 0 0
-0.5 -0.75 0 1 0 0 0
0 -1 0 1 0 0 0
0 0.75 0 1 0 0 0
1 2 2 1 0 0 0
-1 2 -2 1 0 0 0
0 0.25 7.04011 1 0 0 0
0 0 0 1 0 0 0
-2 1 0 1 0 0 0
0.5 0.75 0 1 0 0 0
0.7 0 0 1 0 0 0
-0.5 0.75 0 1 0 0 0
-0.7 0 0 1 0 0 0
0.5 -0.75 0 1 0 0 0
0 -1 0 1 0 0 0
-0.5 -0.75 0 1 0 0 0
0 -1 0 1 0 0 0
0 0.75 0 1 0 0 0
2 1 0 0.78563 0.10761 -0.608537 0.02979
0.5 0.75 0 1 0 0 0
0.7 0 0 1 0 0 0
-0.5 0.75 0 1 0 0 0
-0.7 0 0 1 0 0 0
0.5 -0.75 0 1 0 0 0
0 -1 0 1 0 0 0
-0.5 -0.75 0 1 0 0 0
0 -1 0 1 0 0 0
0 0.75 0 1 0 0 0
1 2 2 1 0 0 0
-1 2 -2 1 0 0 0
0 0.25 7.04011 1 0 0 0
0 0 0 1 0 0 0
-2 1 0 1 0 0 0
0.5 0.75 0 1 0 0 0
0.7 0 0 1 0 0 0
-0.5 0.75 0 1 0 0 0
-0.7 0 0 1 0 0 0
0.5 -0.75 0 1 0 0 0
0 -1 0 1 0 0 0
-0.5 -0.75 0 1 0 0 0
0 -1 0 1 0 0 0
0 0.75 0 1 0 0 0
2 1 0 0.419324 0.0948614 -0.895782 0.112888
0.5 0.75 0 1 0 0 0
0.7 0 0 1 0 0 0
-0.5 0.75 0 1 0 0 0
-0.7 0 0 1 0 0 0
0.5 -0.75 0 1 0 0 0
0 -1 0 1 0 0 0
-0.5 -0.75 0 1 0 0 0
0 -1 0 1 0 0 0
0 0.75 0 1 0 0 0
1 2 2 1 0 0 0
-1 2 -2 1 0 0 0
0 0.25 7.04011 1 0 0 0
0 0 0 1 0 0 0
-2 1 0 1 0 0 0
0.5 0.75 0 1 0 0 0
0.7 0 0 1 0 0 0
-0.5 0.75 0 1 0 0 0
-0.7 0 0 1 0 0 0
0.5 -0.75 0 1 0 0 0
0 -1 0 1 0 0 0
-0.5 -0.75 0 1 0 0 0
0 -1 0 1 0 0 0
0 0.75 0 1 0 0 0
2 1 0 -0.122512 0.0892883 -0.962371 0.225522
0.5 0.75 0 1 0 0 0
0.7 0 0 1 0 0 0
-0.5 0.75 0 1 0 0 0
-0.7 0 0 1 0 0 0
0.5 -0.75 0 1 0 0 0
0 -1 0 1 0 0 0
-0.5 -0.75 0 1 0 0 0
0 -1 0 1 0 0 0
0 0.75 0 1 0 0 0
1 2 2 1 0 0 0
-1 2 -2 1 0 0 0
0 0.25 7.04011 1 0 0 0
0 0 0 1 0 0 0
-2 1 0 1 0 0 0
0.5 0.75 0 1 0 0 0
0.7 0 0 1 0 0 0
-0.5 0.75 0 1 0 0 0
-0.7 0 0 1 0 0 0
0.5 -0.75 0 1 0 0 0
0 -1 0 1 0 0 0
-0.5 -0.75 0 1 0 0 0
0 -1 0 1 0 0 0
0 0.75 0 1 0 0 0
2 1 0 -0.122512 0.0892883 -0.962371 0.225522
0.5 0.75 0 1 0 0 0
0.7 0 0 1 0 0 0
-0.5 0.75 0 1 0 0 0
-0.7 0 0 1 0 0 0
0.5 -0.75 0 1 0 0 0
0 -1 0 1 0 0 0
-0.5 -0.75 0 1 0 0 0
0 -1 0 1 0 0 0
0 0.75 0 1 0 0 0
1 2 2 1 0 0 0
-1 2 -2 1 0 0 0
